0.0016850753157746558
131.0
(400, 257)
[202. 156.  53. 171. 142. 117. 102. 159. 159.  70. 164. 137. 164. 129.
 145. 142. 167. 103. 116. 151.  92. 120. 112. 164. 101. 129. 123. 103.
 142. 111. 170.  86. 142. 144. 104. 158. 145. 158. 129. 108. 144. 108.
 143. 167. 154. 110. 162. 144. 160. 107.  99. 117. 109. 171. 135. 141.
 148. 144. 174. 106. 123. 118. 152. 118. 126. 125. 162. 106. 125. 124.
 166. 134. 142.  95. 101.  89. 103. 164. 140. 153. 114.  98. 144. 119.
 169. 111. 160. 115. 102. 143. 137. 118. 161. 176. 104. 103. 159. 112.
 130. 110.]

202 156 53 171 142 117 102 159 159 70 164 137 164 129 
145 142 167 103 116 151 92 120 112 164 101 129 123 103 
142 111 170 86 142 144 104 158 145 158 129 108 144 108 
143 167 154 110 162 144 160 107 99 117 109 171 135 141 
148 144 174 106 123 118 152 118 126 125 162 106 125 124 
166 134 142 95 101 89 103 164 140 153 114 98 144 119 
169 111 160 115 102 143 137 118 161 176 104 103 159 112 
130 110 

3354909.0
output: 0.15537557805567684
